function eqs = constraints_fE(F)

f11 = F(1,1);
f21 = F(2,1);
f31 = F(3,1);
f12 = F(1,2);
f22 = F(2,2);
f32 = F(3,2);
f13 = F(1,3);
f23 = F(2,3);
f33 = F(3,3);


eqs = [f13*f22*f31-f12*f23*f31-f13*f21*f32+f11*f23*f32+f12*f21*f33-f11*f22*f33;...
      f11*f13*f31*f32+f21*f23*f31*f32+f12*f13*f32^2+f22*f23*f32^2-f11*f12*f31*f33-f21*f22*f31*f33-f12^2*f32*f33+f13^2*f32*f33-f22^2*f32*f33+f23^2*f32*f33-f12*f13*f33^2-f22*f23*f33^2;...
      f11*f13*f31^2+f21*f23*f31^2+f12*f13*f31*f32+f22*f23*f31*f32-f11^2*f31*f33+f13^2*f31*f33-f21^2*f31*f33+f23^2*f31*f33-f11*f12*f32*f33-f21*f22*f32*f33-f11*f13*f33^2-f21*f23*f33^2;...
      f11*f12*f31^2+f21*f22*f31^2-f11^2*f31*f32+f12^2*f31*f32-f21^2*f31*f32+f22^2*f31*f32-f11*f12*f32^2-f21*f22*f32^2+f12*f13*f31*f33+f22*f23*f31*f33-f11*f13*f32*f33-f21*f23*f32*f33];
  